xlmp -- Confusion Matrix:.*\nConfusion.*\n\[.*\n \[.*\n \[.*\n \[.*\n \[.*\n \[.*\n \[.*\n \[.*\n \[.*\n \[.*\n \+ .*\n .*\n .*\n

xlmp -- Epoch.*[1-9]*\nTraining.*\nTraining set size.*\nTrain accuracy.*\n-.*\n-.*\nBeginning Testing.*\nTesting set size.*\nTest Accuracy: 

xlmp -- 

xlmp -- %  .*\n----.*\n----.*

xlmp -- ^==> saving model.*\n


46.49
58.80
65.05
68.94
71.09
73.25
73.21
73.92
76.97
74.80
77.66
76.80
77.31
77.82
78.71
78.42
79.65
78.61
76.23
78.71
79.02
76.31
79.50
79.60
77.03
78.89
77.12
78.82
81.62
78.68
78.33
78.99
76.85
80.18
77.84
79.60
79.14
77.57
78.18
77.97
75.33
79.62
78.92
80.51
79.10
79.68
79.65
80.03
79.19
80.41
78.45
78.76
79.48
77.39
79.56
78.45
79.98
79.24
79.91
79.46
81.35
78.34
76.57
77.15
76.32
79.14
78.82
80.16
81.08
79.07
79.55
76.50
75.81
81.18
81.16
76.34
79.27
75.83
78.87
80.00
78.88
81.04
77.48
79.84
79.97
78.72
78.36
76.25
79.63
75.84
79.14
77.03
78.36
80.70
80.14
80.02
80.51
77.44
79.96
78.37
79.13
77.51
79.93
80.93
79.10
81.03
78.16
78.71
78.37
80.15
78.16
78.47
79.75
81.26
79.06
76.07
78.06
78.53
80.09
77.31
79.22
76.49
79.32

